# frame tx ty tz r00 r01 r02 r10 r11 r12 r20 r21 r22
0 0 0 0 1 0 0 0 1 0 0 0 1
1 -0.164681 -0.388546 0.906594 0.997715 -0.0251996 -0.0626899 0.0242194 0.999573 -0.0163462 0.0630751 0.0147905 0.997899
2 0.206083 -0.449315 1.83333 0.994642 -0.0316588 -0.0984145 0.0289807 0.999173 -0.0285238 0.0992361 0.0255188 0.994737
3 0.436825 -0.458064 2.80631 0.994399 -0.0459211 -0.0951943 0.0413466 0.997919 -0.0494834 0.0972685 0.0452702 0.994228
4 0.784487 -0.74571 3.69871 0.999183 0.0308269 0.0261255 -0.0308083 0.999525 -0.00111661 -0.0261475 0.00031082 0.999658
5 1.10242 -0.822999 4.64367 0.997111 0.0134196 0.0747582 -0.0124111 0.999826 -0.0139386 -0.0749323 0.0129706 0.997104
6 1.2956 -0.852147 5.6244 0.999909 -0.0125606 -0.00485372 0.0121396 0.996821 -0.0787383 0.00582729 0.0786722 0.996884
7 1.57602 -1.02057 6.56939 0.999134 -0.0247582 -0.0334426 0.023069 0.998484 -0.0499844 0.0346294 0.0491696 0.99819
8 1.78342 -1.1294 7.54157 0.997881 -0.0179759 0.0625386 0.0229424 0.996561 -0.0796259 -0.0608922 0.0808919 0.994861
9 1.75093 -1.36264 8.51345 0.975651 -0.0184181 0.218554 0.0257597 0.999194 -0.0307898 -0.21781 0.03567 0.975339
10 1.85186 -1.48279 9.50106 0.947934 -0.0624413 0.312286 0.0628391 0.997985 0.0087999 -0.312206 0.011282 0.949947
11 1.96487 -1.84615 10.4258 0.94113 -0.0635524 0.332018 0.0659774 0.997813 0.00397623 -0.331545 0.0181635 0.943265
12 2.91499 -1.77267 10.7289 0.727477 -0.163119 0.66646 0.11973 0.986606 0.110784 -0.675604 -0.000797672 0.737264
13 2.23171 -1.80164 11.4585 0.631063 -0.0990227 0.769386 0.104955 0.993598 0.0417942 -0.768599 0.0543758 0.637416
14 1.69107 -1.98568 12.2794 0.573915 -0.193987 0.795607 0.197092 0.975701 0.0957238 -0.794844 0.101871 0.598202
15 1.18432 -2.09567 13.1344 0.477956 -0.1583 0.864002 0.18728 0.979375 0.075837 -0.858186 0.125564 0.497745
16 0.642197 -2.2939 13.951 0.330316 -0.165597 0.92923 0.145212 0.981684 0.123326 -0.932633 0.0941991 0.348313
17 0.163021 -2.61681 14.7672 0.256702 -0.150206 0.954747 0.135906 0.983644 0.118211 -0.956887 0.0994112 0.272917
18 -0.776933 -2.68107 14.432 0.285945 -0.188471 0.939529 0.173061 0.974502 0.142815 -0.942489 0.121759 0.311271
19 -1.74912 -2.6877 14.6661 0.234401 -0.162558 0.958452 0.169778 0.977614 0.124286 -0.9572 0.133591 0.256753
20 -2.42546 -2.95409 15.3528 0.142606 -0.221489 0.964679 0.165736 0.966223 0.197343 -0.975805 0.13174 0.174498
21 -3.27383 -3.18905 15.8272 -0.0142479 -0.125591 0.99198 0.1361 0.982604 0.126358 -0.990593 0.136809 0.00309289
22 -4.2696 -3.25063 15.8954 -0.0430034 -0.150267 0.98771 0.114761 0.981337 0.154294 -0.992462 0.119986 -0.024956
23 -4.98091 -2.62733 16.2203 -0.00764208 -0.16972 0.985463 0.121861 0.977988 0.169378 -0.992518 0.121384 0.0132084
24 -5.97972 -2.58327 16.2413 0.0215254 -0.163357 0.986332 0.107415 0.981228 0.160167 -0.993981 0.102499 0.0386683
25 -6.936 -2.81783 16.416 0.00837777 -0.11818 0.992957 0.105163 0.987589 0.116654 -0.99442 0.103445 0.020702
26 -7.43184 -3.12401 17.2286 -0.0499979 -0.131091 0.990109 0.106676 0.984977 0.135798 -0.993036 0.112411 -0.0352624
27 -8.36891 -3.23377 16.8972 -0.0679023 -0.131543 0.988982 0.134734 0.98098 0.13973 -0.988552 0.142738 -0.0488874
28 -9.23765 -3.10789 16.4182 -0.149046 -0.0997663 0.983784 0.140622 0.982647 0.120956 -0.97878 0.15637 -0.132431
29 -10.2292 -3.06801 16.295 -0.222401 -0.110465 0.968677 0.144212 0.978904 0.144741 -0.964231 0.171886 -0.201779
30 -11.2047 -3.12892 16.0834 -0.307836 -0.123589 0.943378 0.140966 0.97466 0.173686 -0.940939 0.186451 -0.282614
31 -11.9215 -3.00446 15.3974 -0.347904 -0.114017 0.930571 0.170598 0.968307 0.182421 -0.921878 0.222219 -0.317427
32 -12.7956 -2.9297 14.9174 -0.415327 -0.109983 0.902999 0.154858 0.969626 0.189324 -0.896394 0.218468 -0.38568
33 -12.4911 -2.65602 14.0051 -0.521025 -0.0709161 0.85059 0.124659 0.979535 0.158026 -0.844389 0.188369 -0.501521
34 -13.4143 -2.93511 14.2693 -0.681717 -0.0455178 0.730199 0.137467 0.972317 0.18895 -0.718586 0.229189 -0.656587
35 -13.9358 -2.82076 13.4238 -0.756732 -0.0288135 0.65309 0.1434 0.96738 0.208837 -0.637803 0.251687 -0.727916
36 -14.7233 -2.79142 12.8081 -0.829994 -0.00939187 0.557694 0.139952 0.964366 0.224525 -0.53993 0.264405 -0.799103
37 -15.4431 -2.72843 12.1168 -0.884791 -0.0369862 0.464519 0.0833266 0.968221 0.235809 -0.458478 0.247348 -0.853591
38 -15.9642 -2.62687 11.2694 -0.935052 0.0263475 0.353531 0.121938 0.960291 0.250944 -0.332881 0.277755 -0.901134
39 -16.3524 -2.41905 10.3715 -0.951502 0.00187913 0.307636 0.08246 0.964948 0.24915 -0.296385 0.262434 -0.918305
40 -17.1381 -2.45351 9.75389 -0.966148 0.0316443 0.256039 0.106413 0.952971 0.283764 -0.235018 0.301404 -0.924079
41 -17.964 -2.25429 9.22635 -0.979865 0.0143599 0.199146 0.0672102 0.962925 0.261262 -0.188011 0.269386 -0.944501
42 -18.1356 -2.11158 8.25158 -0.98719 0.0672187 0.144699 0.104609 0.957472 0.268893 -0.12047 0.280585 -0.952239
43 -18.4176 -1.82789 7.33508 -0.995775 0.0788064 0.0471303 0.0885628 0.95983 0.266238 -0.0242558 0.269287 -0.962755
44 -18.5738 -1.55494 6.38581 -0.998948 0.0394945 0.0232955 0.0444591 0.958583 0.281323 -0.01122 0.282063 -0.95933
45 -18.8075 -1.3266 5.44069 -0.995968 0.0516283 -0.0733642 0.0294837 0.96075 0.275845 0.084726 0.27257 -0.958398
46 -18.8993 -1.12133 4.46629 -0.977234 0.0972103 -0.188586 0.043078 0.961256 0.272272 0.207747 0.257949 -0.943559
47 -18.9284 -1.05868 3.46868 -0.947384 0.0896621 -0.307286 -0.000596452 0.959473 0.281801 0.320099 0.267157 -0.908935
48 -18.3742 -0.690686 2.72206 -0.931835 0.116539 -0.343661 0.00273723 0.949259 0.314482 0.362873 0.292105 -0.884872
49 -17.9508 -0.799859 1.8227 -0.871336 0.152787 -0.466294 -0.00875638 0.945295 0.3261 0.490609 0.288226 -0.822331
50 -17.6747 -0.551433 0.894235 -0.814506 0.182566 -0.550681 -0.0227963 0.938392 0.344821 0.579707 0.293412 -0.760164
51 -17.1602 -0.303733 0.0732566 -0.686404 0.210322 -0.696143 -0.0492989 0.941605 0.333091 0.725548 0.262954 -0.635953
52 -16.1804 -0.464374 -0.0451027 -0.639876 0.170634 -0.749295 -0.0960313 0.94964 0.298265 0.762454 0.262809 -0.591265
53 -15.9475 -0.544888 -1.01428 -0.586641 0.178664 -0.789893 -0.136185 0.939708 0.313693 0.798314 0.291597 -0.52694
54 -15.2665 -0.220699 -1.67091 -0.508976 0.19648 -0.838057 -0.0974628 0.954186 0.282898 0.855245 0.225667 -0.466508
55 -14.5332 -0.0450424 -2.32768 -0.425465 0.222279 -0.877253 -0.118369 0.94737 0.297454 0.8972 0.230395 -0.376762
56 -13.8502 0.202019 -3.01504 -0.400801 0.186514 -0.896979 -0.137329 0.955766 0.260101 0.905814 0.22743 -0.357458
57 -13.0021 0.293601 -3.53689 -0.403611 0.179368 -0.897176 -0.159439 0.951802 0.262015 0.900931 0.248797 -0.35556
58 -12.2428 0.375071 -4.18252 -0.329648 0.211249 -0.920166 -0.0888941 0.96337 0.253014 0.93991 0.165203 -0.298794
59 -11.2507 0.499633 -4.19609 -0.281571 0.247751 -0.927005 -0.108074 0.951757 0.287192 0.953435 0.18105 -0.241211
60 -10.2543 0.584936 -4.20273 -0.205305 0.20998 -0.955907 -0.123106 0.963415 0.238069 0.970925 0.166555 -0.171944
61 -9.29735 0.670338 -4.48004 -0.132623 0.20858 -0.968971 -0.160593 0.960168 0.228665 0.97807 0.185936 -0.0938439
62 -8.29805 0.649114 -4.4494 -0.0441237 0.235821 -0.970794 -0.134453 0.961498 0.239673 0.989937 0.141102 -0.010718
63 -7.38321 0.982282 -4.67758 0.0501587 0.188819 -0.98073 -0.1335 0.974422 0.180776 0.989779 0.12186 0.074083
64 -6.41068 1.15255 -4.83632 0.216565 0.19348 -0.956904 -0.091242 0.979886 0.177477 0.971995 0.0488746 0.229862
65 -5.42355 1.20605 -4.68559 0.298078 0.165697 -0.94005 -0.0862684 0.985464 0.146348 0.950635 0.0374737 0.308039
66 -4.48145 1.06425 -4.38172 0.393478 0.150309 -0.906963 -0.0992102 0.987725 0.120652 0.913965 0.0425063 0.40356
67 -3.5433 0.745079 -4.51589 0.530402 0.177286 -0.829002 -0.0886679 0.984127 0.15373 0.843097 -0.00803285 0.537702
68 -2.60098 1.00218 -4.73023 0.653891 0.181274 -0.734552 -0.0811863 0.982079 0.170087 0.752221 -0.051583 0.656889
69 -1.77017 0.95762 -4.17546 0.73649 0.183363 -0.651123 -0.122097 0.982785 0.138658 0.665338 -0.0226204 0.746199
70 -1.12614 0.838493 -3.4198 0.806754 0.195889 -0.557472 -0.157812 0.980609 0.116194 0.569424 -0.00576465 0.822024
71 -2.03229 0.690259 -3.02367 0.796117 0.144657 -0.587598 -0.129031 0.989257 0.0687198 0.591226 0.0211094 0.806229
72 -1.20323 0.523333 -2.49001 0.816473 0.184434 -0.547134 -0.157458 0.982816 0.096328 0.555499 0.00750162 0.831483
73 -0.557518 0.490565 -1.72713 0.887398 0.146544 -0.437092 -0.141445 0.98895 0.0444008 0.438768 0.0224231 0.89832
74 0.135335 0.254718 -1.04571 0.911997 0.108396 -0.395616 -0.118289 0.992979 -0.000616708 0.392772 0.0473596 0.918416
75 0.873224 0.276338 -0.371134 0.939027 0.101247 -0.328599 -0.101519 0.994699 0.0163738 0.328515 0.0179838 0.944328
76 1.52056 0.0982957 0.369982 0.96051 0.117986 -0.251991 -0.120008 0.992745 0.00738461 0.251034 0.0231481 0.967701
77 2.12117 0.11659 1.16932 0.973895 0.13865 -0.179734 -0.139803 0.990159 0.00630039 0.178838 0.0189914 0.983695
78 2.59377 -0.0578215 2.03316 0.977484 0.0951734 -0.188328 -0.105752 0.993285 -0.0469223 0.182598 0.065782 0.980985
79 3.16405 -0.0708796 2.85451 0.984592 0.126634 -0.120593 -0.129371 0.991481 -0.0151137 0.117652 0.030482 0.992587
80 3.7318 -0.115794 3.67649 0.988856 0.145407 -0.0319326 -0.145415 0.989369 0.00209178 0.0318972 0.002575 0.999488
81 4.20647 -0.275276 4.54208 0.993244 0.114123 0.0210364 -0.114439 0.993324 0.0145011 -0.0192411 -0.0168106 0.999674
