# frame tx ty tz r00 r01 r02 r10 r11 r12 r20 r21 r22
0 0 0 0 1 0 0 0 1 0 0 0 1
1 -0.13381 -0.137613 0.981406 0.999931 -0.0117389 0.000193086 0.0117365 0.999886 0.00948997 -0.000304466 -0.00948705 0.999955
2 -0.157942 -0.0298627 1.97529 0.998566 0.00477629 -0.0533275 -0.00386771 0.999846 0.0171279 0.053401 -0.016897 0.99843
3 -1.13466 0.0313953 2.18088 0.973521 0.0406806 -0.224947 -0.0319669 0.998596 0.0422456 0.226349 -0.0339362 0.973455
4 -2.01864 -0.217592 2.57659 0.940316 0.104509 -0.323858 -0.113569 0.993488 -0.00914967 0.320792 0.0453839 0.946062
5 -2.37313 -0.452652 3.48163 0.925594 0.160282 -0.342908 -0.178316 0.983738 -0.0214989 0.333886 0.0810453 0.939123
6 -2.94469 -1.07723 4.01381 0.834785 0.290021 -0.467998 -0.32266 0.946451 0.0109806 0.446122 0.141838 0.883661
7 -3.42661 -1.70256 4.62758 0.746331 0.327616 -0.57936 -0.397731 0.917479 0.00645901 0.533667 0.225609 0.815046
8 -4.03808 -2.24129 5.20713 0.572862 0.390087 -0.720875 -0.509703 0.858297 0.0594018 0.641897 0.333403 0.690515
9 -4.81431 -2.81193 5.47515 0.511505 0.451854 -0.730883 -0.586547 0.805196 0.0873049 0.627953 0.38404 0.676896
10 -5.06741 -3.38712 6.25303 0.389432 0.48677 -0.781919 -0.634234 0.757326 0.155582 0.6679 0.435331 0.603653
11 -5.07544 -4.0897 6.96459 0.271186 0.556398 -0.785416 -0.674961 0.691672 0.25694 0.686211 0.460447 0.563119
12 -5.03461 -4.68777 7.76499 0.159601 0.560387 -0.812708 -0.701799 0.643392 0.305818 0.694266 0.521548 0.495965
13 -5.14071 -5.38374 8.47518 -0.0475103 0.598581 -0.799652 -0.711806 0.541349 0.447519 0.700767 0.590459 0.400354
14 -5.03738 -5.96303 9.28373 -0.197716 0.549754 -0.81159 -0.724421 0.47583 0.498798 0.660395 0.686554 0.304174
15 -4.62678 -6.57749 9.95741 -0.328929 0.547878 -0.769179 -0.693918 0.412234 0.590374 0.640534 0.727938 0.244587
16 -3.95619 -7.14662 10.4332 -0.472146 0.521303 -0.710859 -0.655307 0.331814 0.678581 0.58962 0.78622 0.184949
17 -3.31075 -7.61963 11.0329 -0.60539 0.407482 -0.683712 -0.620144 0.296982 0.726101 0.498923 0.863574 0.0729078
18 -2.5767 -8.17775 11.4198 -0.804108 0.285232 -0.521588 -0.494541 0.165954 0.853164 0.329909 0.943982 0.00761367
19 -1.70367 -8.61236 11.641 -0.887814 0.125423 -0.442781 -0.431587 0.10706 0.895696 0.159745 0.98631 -0.040919
20 -1.89865 -7.6476 11.8177 -0.953258 0.111836 -0.280698 -0.269705 0.103901 0.957321 0.136228 0.98828 -0.0688817
21 -0.907147 -7.51895 11.8371 -0.978467 0.00195661 -0.206394 -0.205729 0.0715271 0.975992 0.0166724 0.997437 -0.0695844
22 -0.461039 -6.63459 11.6996 -0.991055 -0.0931824 -0.0955394 -0.101868 0.0656946 0.992626 -0.0862189 0.993479 -0.0745992
23 -0.827042 -5.72097 11.8766 -0.966483 -0.194233 0.167883 0.156455 0.0728643 0.984994 -0.203551 0.978245 -0.0400332
24 0.0273239 -5.56379 11.3813 -0.892281 -0.365147 0.265522 0.26544 0.0514447 0.962754 -0.365206 0.929527 0.0510216
25 0.451973 -4.92856 10.7362 -0.788851 -0.455788 0.412276 0.413152 0.103347 0.904779 -0.454995 0.884068 0.106784
26 0.858833 -4.52134 9.91848 -0.658948 -0.598306 0.455869 0.527327 0.0647293 0.847193 -0.536389 0.798649 0.27285
27 1.23476 -4.0345 9.13002 -0.492135 -0.744427 0.451255 0.622598 0.061307 0.780137 -0.60842 0.664883 0.433307
28 1.57561 -3.46876 8.37918 -0.224442 -0.870318 0.438375 0.745855 0.136094 0.652057 -0.627157 0.473313 0.618586
29 1.83468 -2.73525 7.75081 -0.133563 -0.912418 0.386852 0.756715 0.158173 0.634321 -0.639955 0.377459 0.669315
30 1.66659 -1.93009 7.18207 0.0647262 -0.965597 0.251859 0.83604 0.190271 0.51462 -0.544837 0.177255 0.819593
31 2.13431 -2.18881 6.33691 0.114478 -0.937506 0.3286 0.830266 0.271917 0.486538 -0.545485 0.217128 0.809507
32 2.54944 -2.8296 5.69111 0.21935 -0.864471 0.4523 0.819468 0.414836 0.395453 -0.529488 0.283903 0.799401
33 2.70475 -2.25034 4.8909 0.396514 -0.822427 0.40791 0.803992 0.52558 0.278141 -0.44314 0.21767 0.869624
34 2.24219 -1.3638 4.9004 0.504662 -0.758939 0.411494 0.775766 0.607804 0.169592 -0.378818 0.233637 0.895495
35 1.46228 -0.766721 4.71268 0.64038 -0.689415 0.338557 0.708564 0.700389 0.085976 -0.296394 0.184832 0.93701
36 0.53307 -0.468959 4.49379 0.733261 -0.644483 0.216726 0.657641 0.753188 0.014737 -0.172733 0.131722 0.976121
37 -0.375392 -0.0641015 4.38992 0.813745 -0.579031 0.0504142 0.581221 0.810776 -0.0694542 -0.000658489 0.0858198 0.99631
38 -1.26468 0.0604585 3.94987 0.885333 -0.45515 -0.0949887 0.446232 0.889152 -0.101418 0.13062 0.047402 0.990299
39 -2.26402 0.0927621 3.96658 0.900295 -0.381167 -0.21019 0.359048 0.923292 -0.136444 0.246074 0.0473712 0.968093
40 -3.14884 0.0642343 4.43164 0.91 -0.2551 -0.326838 0.198561 0.960172 -0.196578 0.363968 0.113989 0.92441
41 -4.03988 -0.0630887 4.86734 0.882092 -0.248088 -0.400456 0.178071 0.962615 -0.204113 0.436123 0.108737 0.893293
42 -4.95808 -0.330326 5.15975 0.81341 -0.144653 -0.563418 0.0600516 0.984294 -0.166012 0.578582 0.101202 0.809321
43 -5.93998 -0.518043 5.18487 0.756458 -0.0129574 -0.653914 -0.0937691 0.987327 -0.128038 0.647286 0.158172 0.745656
44 -6.91561 -0.575115 5.39672 0.741506 0.0188148 -0.670682 -0.14309 0.981045 -0.130678 0.655511 0.192866 0.730143
45 -7.40418 -0.842245 6.22734 0.755207 0.111396 -0.645952 -0.232302 0.966977 -0.104836 0.612942 0.229229 0.756145
46 -7.62654 -0.768597 7.19952 0.843774 0.10496 -0.526335 -0.211873 0.966181 -0.146983 0.493108 0.235537 0.837477
