# frame tx ty tz r00 r01 r02 r10 r11 r12 r20 r21 r22
0 0 0 0 1 0 0 0 1 0 0 0 1
1 -0.428678 -0.0590332 -0.901527 0.99692 -0.0556925 0.055218 0.055257 0.998428 0.00938358 -0.0556538 -0.0063035 0.99843
2 0.295839 -0.102675 -0.213652 0.996519 -0.0508898 0.0660313 0.0509304 0.998702 0.0010692 -0.066 0.00229752 0.997817
3 0.714454 -0.15606 0.692941 0.993428 -0.012559 0.113771 0.00749758 0.998968 0.044807 -0.114217 -0.0436595 0.992496
4 0.221954 -0.270685 1.55567 0.993966 -0.0235714 0.107126 0.0217124 0.999593 0.0184871 -0.107518 -0.0160496 0.994074
5 0.518944 -0.413666 2.49979 0.996729 -0.0483874 0.0647359 0.0447848 0.997426 0.0559902 -0.0672785 -0.0529079 0.99633
6 -0.025215 -0.536396 3.32974 0.996746 -0.0275105 0.0757656 0.0244919 0.99888 0.0404862 -0.0767946 -0.0384988 0.996303
7 -0.778994 -0.969799 3.82369 0.982541 -0.0391667 0.181876 0.032942 0.998768 0.0371217 -0.183106 -0.0304822 0.982621
8 -1.38032 -0.918715 4.62106 0.941729 -0.017871 0.335897 0.00353204 0.999058 0.0432511 -0.336353 -0.0395444 0.940905
9 -1.69698 -0.85197 5.56724 0.899513 -0.0394456 0.435109 0.0277324 0.999063 0.0332398 -0.436012 -0.017833 0.899764
10 -2.38192 -0.987159 6.28319 0.835313 -0.117382 0.537097 0.0961279 0.993075 0.0675335 -0.541305 -0.00478163 0.840813
11 -2.68827 -1.14425 7.22206 0.774635 -0.103098 0.623948 0.126864 0.9919 0.00639378 -0.619553 0.0742035 0.78144
12 -3.21013 -1.15544 8.07502 0.74879 -0.0472928 0.661118 0.0956757 0.994717 -0.0372067 -0.655866 0.091113 0.749358
13 -3.6508 -1.46068 8.91919 0.648935 -0.0755519 0.757084 0.0919078 0.995555 0.020571 -0.755273 0.0562327 0.652994
14 -4.4495 -1.43295 9.52028 0.659778 -0.118288 0.742092 0.109899 0.992104 0.0604304 -0.743381 0.0416846 0.667568
15 -5.1829 -1.53367 10.1926 0.666711 -0.15232 0.729586 0.154592 0.985867 0.0645562 -0.729108 0.0697478 0.680836
16 -5.70454 -1.46338 11.0428 0.685205 -0.112066 0.719677 0.160397 0.987052 0.000986971 -0.710469 0.114758 0.694308
17 -6.33997 -1.48388 11.8147 0.655277 -0.0467328 0.753942 0.0312556 0.998907 0.0347516 -0.754742 0.000793005 0.656022
18 -7.10051 -1.48363 12.464 0.595185 -0.0948755 0.797968 0.0754353 0.995217 0.0620624 -0.80004 0.0232564 0.599496
19 -7.83465 -1.68343 13.113 0.605236 -0.147561 0.78225 0.157933 0.985394 0.0636868 -0.780222 0.0849973 0.619701
20 -8.65823 -1.65453 13.6794 0.611106 -0.132377 0.780401 0.152075 0.987185 0.0483684 -0.776803 0.089121 0.623406
21 -9.25759 -1.68996 14.4791 0.667962 -0.098051 0.737708 0.122928 0.992202 0.0205712 -0.733972 0.0769439 0.674807
22 -10.0315 -1.74399 15.1101 0.594071 -0.12403 0.794793 0.118212 0.990776 0.0662559 -0.79568 0.0545933 0.603252
23 -10.8283 -1.75854 15.7142 0.686306 -0.192512 0.701372 0.182937 0.979023 0.0897145 -0.70393 0.0667353 0.707127
24 -11.6612 -1.82793 16.2633 0.639721 -0.0777066 0.764669 0.129096 0.991606 -0.00723307 -0.757688 0.103343 0.644382
25 -12.4254 -1.79867 16.9076 0.689635 -0.0720003 0.720569 0.127602 0.991558 -0.0230458 -0.712827 0.107839 0.693
26 -13.1975 -2.00964 17.5069 0.599587 -0.0637202 0.797769 0.10053 0.994926 0.00391114 -0.79397 0.0778549 0.602951
27 -14.0972 -1.98239 17.9428 0.543801 -0.107017 0.832363 0.0898908 0.993558 0.0690146 -0.834386 0.0372915 0.549918
28 -13.7154 -1.90574 18.8639 0.444303 -0.128304 0.886641 0.131361 0.988325 0.077192 -0.886194 0.0821737 0.45597
29 -14.5902 -1.87034 19.347 0.463947 -0.114354 0.878451 0.0925476 0.992464 0.0803171 -0.881015 0.0440357 0.471034
30 -15.2751 -2.03196 20.0576 0.400599 -0.0457533 0.91511 0.0549675 0.998154 0.0258427 -0.914603 0.0399488 0.402374
31 -16.1869 -2.2641 20.3962 0.417028 -0.118628 0.901119 0.0644251 0.99281 0.100884 -0.906607 0.0159832 0.421672
32 -16.9987 -2.26426 20.9801 0.464481 -0.104879 0.879351 0.0751619 0.994048 0.0788576 -0.882388 0.0294658 0.4696
33 -17.7479 -2.23461 21.6418 0.502316 -0.0756402 0.86137 0.0567506 0.996903 0.0544473 -0.86282 0.0215335 0.505052
34 -18.6286 -2.20974 22.1148 0.542707 -0.0201808 0.839679 0.0205623 0.999731 0.0107374 -0.83967 0.0114385 0.542976
35 -19.583 -2.02356 21.8814 0.56048 -0.0440539 0.826996 0.0275005 0.999024 0.0345798 -0.827711 0.00336151 0.561144
36 -20.3165 -2.12465 22.5535 0.606741 -0.0305319 0.794313 -0.0379352 0.997011 0.0673002 -0.793994 -0.0709662 0.603769
37 -21.0343 -2.4051 23.1908 0.664853 -0.0147798 0.746828 -0.018025 0.999196 0.0358206 -0.746756 -0.037277 0.664052
38 -21.6978 -2.57084 23.9204 0.732648 -0.0294351 0.679971 -0.0117592 0.998368 0.0558883 -0.680506 -0.0489423 0.731106
39 -22.6736 -2.53214 24.1357 0.780603 0.0103223 0.624942 -0.0581742 0.996723 0.056201 -0.622315 -0.0802262 0.778645
40 -23.6523 -2.38089 24.2747 0.922476 -0.00679864 0.385994 -0.0503002 0.989205 0.137634 -0.382763 -0.14638 0.912176
41 -23.8782 -2.71411 25.1901 0.984272 -0.00879181 0.17644 -0.0118706 0.993212 0.115711 -0.176259 -0.115985 0.977487
42 -24.2275 -3.20702 25.987 0.998734 0.0222433 0.0451144 -0.0277694 0.991664 0.125823 -0.0419396 -0.126917 0.991026
43 -24.3307 -3.36321 26.9693 0.997401 0.0677597 0.024481 -0.069804 0.992975 0.0955379 -0.0178354 -0.0969985 0.995125
44 -24.5089 -3.40488 27.9524 0.995857 0.0580197 -0.0700148 -0.051116 0.994004 0.0966595 0.0752031 -0.0926801 0.992852
45 -24.2845 -3.57623 28.9117 0.988693 0.0556604 -0.139244 -0.0427604 0.994655 0.093979 0.14373 -0.0869622 0.985789
46 -24.1022 -3.68466 29.8889 0.971304 0.0678738 -0.227949 -0.0455478 0.99376 0.101819 0.233438 -0.0885143 0.968335
47 -23.834 -3.80365 30.8449 0.970441 0.092788 -0.222786 -0.0728747 0.992709 0.0960147 0.230071 -0.0769411 0.970128
48 -23.9494 -3.87242 31.8359 0.96576 0.104313 -0.237541 -0.0789641 0.990354 0.113861 0.247127 -0.0912054 0.964681
49 -23.5047 -3.87254 32.7315 0.931571 0.0860945 -0.353219 -0.0445063 0.991255 0.124231 0.360825 -0.10001 0.927256
50 -23.0892 -4.11893 33.6071 0.92054 0.108057 -0.375406 -0.0592916 0.988496 0.13914 0.386122 -0.105825 0.916357
51 -22.7611 -4.08108 34.551 0.91412 0.125544 -0.385516 -0.0758979 0.98703 0.141461 0.398275 -0.100052 0.911793
52 -22.2893 -4.13028 35.4313 0.939026 0.131709 -0.317621 -0.0828354 0.983176 0.162798 0.33372 -0.126562 0.934138
53 -21.7351 -4.18598 36.2619 0.923746 0.12732 -0.361224 -0.0715975 0.983908 0.163702 0.376254 -0.125357 0.917997
54 -21.1925 -4.29823 37.0944 0.919613 0.118659 -0.374477 -0.06029 0.984626 0.163939 0.388172 -0.128183 0.912629
